x_0 = (0.2, 0.5)
max_iter = 100
required residual = 1e-10

k	beta	|f|/|f0|	point
1	1	0.0177778	(0.2, 0.973333)
2	1	0.00589961	(0.2, 0.977656)
3	1	0.00196366	(0.2, 0.979084)
4	1	0.000654237	(0.2, 0.979559)
5	1	0.000218044	(0.2, 0.979717)
6	1	7.26774e-05	(0.2, 0.97977)
7	1	2.42254e-05	(0.2, 0.979787)
8	1	8.07507e-06	(0.2, 0.979793)
9	1	2.69169e-06	(0.2, 0.979795)
10	1	8.97228e-07	(0.2, 0.979796)
11	1	2.99076e-07	(0.2, 0.979796)
12	1	9.96919e-08	(0.2, 0.979796)
13	1	3.32306e-08	(0.2, 0.979796)
14	1	1.10769e-08	(0.2, 0.979796)
15	1	3.69229e-09	(0.2, 0.979796)
16	1	1.23076e-09	(0.2, 0.979796)
17	1	4.10255e-10	(0.2, 0.979796)
18	1	1.36752e-10	(0.2, 0.979796)

Exit by step
iter = 18
residual = 1.36752e-10
result point = (0.2, 0.979796)
