x_0 = (-1, 1)
max_iter = 100
required residual = 1e-10

k	beta	|f|/|f0|	point
1	1	0.0218904	(-0.655145, -0.655145)
2	1	0.00642276	(-0.43359, -0.43359)
3	1	0.00189501	(-0.288148, -0.288148)
4	1	0.000560444	(-0.191832, -0.191832)
5	1	0.000165921	(-0.12781, -0.12781)
6	1	4.91441e-05	(-0.0851832, -0.0851832)
7	1	1.45589e-05	(-0.056782, -0.056782)
8	1	4.31343e-06	(-0.0378526, -0.0378526)
9	1	1.27801e-06	(-0.0252345, -0.0252345)
10	1	3.78665e-07	(-0.0168228, -0.0168228)
11	1	1.12196e-07	(-0.0112151, -0.0112151)
12	1	3.32432e-08	(-0.00747675, -0.00747675)
13	1	9.84984e-09	(-0.00498449, -0.00498449)
14	1	2.91847e-09	(-0.00332299, -0.00332299)
15	1	8.64731e-10	(-0.00221533, -0.00221533)
16	1	2.56217e-10	(-0.00147689, -0.00147689)
17	1	7.5916e-11	(-0.000984591, -0.000984591)

Exit by residual
iter = 17
residual = 7.5916e-11
result point = (-0.000984591, -0.000984591)
