x_0 = (-3, -3)
max_iter = 100
required residual = 1e-10

k	beta	|f|/|f0|	point
1	0.00390625	0.998543	(-3.10547, -2.91992)
2	0.03125	0.996638	(-3.38022, -2.56465)
3	0.125	0.930413	(-3.32694, -1.74695)
4	1	0.575905	(-0.686864, 2.84343)
5	1	0.396843	(-1.26515, -0.421716)
6	1	0.217083	(0.578284, 2.21086)
7	0.5	0.19325	(0.130999, 1.05271)
8	1	0.150163	(1.81981, 1.5901)
9	0.5	0.127302	(1.05743, 1.0901)
10	0.000488281	0.127281	(1.04176, 1.09836)
11	6.10352e-05	0.127278	(1.04684, 1.09587)
12	9.53674e-07	0.127278	(1.04617, 1.09621)
13	1.19209e-07	0.127278	(1.04647, 1.09606)
14	1.19209e-07	0.127278	(1.04618, 1.0962)
15	5.96046e-08	0.127278	(1.04635, 1.09612)
16	7.45058e-09	0.127278	(1.04628, 1.09616)
17	3.72529e-09	0.127278	(1.04632, 1.09614)
18	1.45519e-11	0.127278	(1.04631, 1.09614)

Exit by beta
iter = 18
residual = 0.127278
result point = (1.04631, 1.09614)
