x_0 = (0.707107, 0.717107)
max_iter = 100
required residual = 1e-10

k	beta	|f|/|f0|	point
1	0.03125	0.990339	(0.635612, 0.779451)
2	1	0.232366	(0.389846, 0.741525)
3	1	0.0580915	(0.477765, 0.653605)
4	1	0.0145229	(0.521725, 0.609645)
5	1	0.00363072	(0.543705, 0.587665)
6	1	0.00090768	(0.554695, 0.576675)
7	1	0.00022692	(0.56019, 0.57118)
8	1	5.673e-05	(0.562938, 0.568433)
9	1	1.41825e-05	(0.564312, 0.567059)
10	1	3.54562e-06	(0.564999, 0.566372)
11	1	8.86406e-07	(0.565342, 0.566029)
12	1	2.21602e-07	(0.565514, 0.565857)
13	1	5.54004e-08	(0.5656, 0.565771)
14	1	1.38501e-08	(0.565642, 0.565728)
15	1	3.46252e-09	(0.565664, 0.565707)
16	1	8.65631e-10	(0.565675, 0.565696)
17	1	2.16408e-10	(0.56568, 0.565691)
18	1	5.41018e-11	(0.565683, 0.565688)

Exit by residual
iter = 18
residual = 5.41018e-11
result point = (0.565683, 0.565688)
