x_0 = (-1, 0.5)
max_iter = 100
required residual = 1e-10

k	beta	|f|/|f0|	point
1	1	0.552172	(-0.331116, 0.91372)
2	0.5	0.514291	(-0.545666, 0.500177)
3	1	0.199388	(-0.0323386, 0.430785)
4	1	0.134409	(0.330283, 0.719061)
5	0.5	0.0808824	(0.260299, 0.574562)
6	1	0.0442971	(0.482664, 0.61429)
7	1	0.00519641	(0.555018, 0.561831)
8	0.015625	0.00513106	(0.559338, 0.557715)
9	1	0.00169535	(0.563522, 0.563138)
10	1	0.000563516	(0.56491, 0.564897)
11	1	0.000187664	(0.565384, 0.565466)
12	1	6.25353e-05	(0.565545, 0.565653)
13	1	2.23823e-05	(0.565672, 0.565641)
14	1	1.31377e-05	(0.565659, 0.565676)
15	3.05176e-05	1.31374e-05	(0.565667, 0.565667)
16	1	4.37904e-06	(0.565678, 0.56568)
17	1	1.45967e-06	(0.565682, 0.565685)
18	1	4.86554e-07	(0.565685, 0.565685)
19	1	1.62185e-07	(0.565685, 0.565685)
20	1	5.40615e-08	(0.565685, 0.565685)
21	1	1.80205e-08	(0.565685, 0.565685)
22	1	6.00683e-09	(0.565685, 0.565685)
23	1	2.00228e-09	(0.565685, 0.565685)
24	1	6.67426e-10	(0.565685, 0.565685)
25	1	2.2754e-10	(0.565685, 0.565685)
26	1	1.40256e-10	(0.565685, 0.565685)
27	1.19209e-07	1.40256e-10	(0.565685, 0.565685)
28	1	4.6752e-11	(0.565685, 0.565685)

Exit by residual
iter = 28
residual = 4.6752e-11
result point = (0.565685, 0.565685)
