x_0 = (-1, 0.5)
max_iter = 100
required residual = 1e-10

k	beta	|f|/|f0|	point
1	1	0.650032	(-0.461806, 1.40972)
2	1	0.259698	(-0.300156, 1.17879)
3	1	0.0972565	(-0.219576, 1.06368)
4	1	0.0343704	(-0.185147, 1.0145)
5	1	0.0117328	(-0.1722, 0.996)
6	1	0.00394468	(-0.167672, 0.989531)
7	1	0.00131878	(-0.166136, 0.987337)
8	1	0.000440029	(-0.165621, 0.986601)
9	1	0.000146725	(-0.165449, 0.986356)
10	1	4.89138e-05	(-0.165392, 0.986274)
11	1	1.63052e-05	(-0.165373, 0.986246)
12	1	5.43513e-06	(-0.165366, 0.986237)
13	1	1.81172e-06	(-0.165364, 0.986234)
14	1	6.03907e-07	(-0.165363, 0.986233)
15	1	2.01302e-07	(-0.165363, 0.986233)
16	1	6.71008e-08	(-0.165363, 0.986233)
17	1	2.23669e-08	(-0.165363, 0.986233)
18	1	7.45565e-09	(-0.165363, 0.986233)
19	1	2.48522e-09	(-0.165363, 0.986233)
20	1	8.28405e-10	(-0.165363, 0.986233)
21	1	2.76135e-10	(-0.165363, 0.986233)
22	1	9.2045e-11	(-0.165363, 0.986233)

Exit by residual
iter = 22
residual = 9.2045e-11
result point = (-0.165363, 0.986233)
