k	beta	residual	x	y
1	1.00e+00	4.06e-01	-0.1937430976	0.8968323524
2	1.00e+00	3.42e-01	-0.2389203739	0.2749796305
3	5.00e-01	2.32e-01	-0.1172598542	0.6112954274
4	1.00e+00	9.28e-02	0.2869823368	0.5187831805
5	1.00e+00	9.27e-02	0.4700683488	0.6955624790
6	1.00e+00	2.58e-02	0.6164018317	0.5840093801
7	5.00e-01	2.51e-02	0.5605185891	0.6083103364
8	1.00e+00	7.44e-03	0.5806637951	0.5710971389
9	6.25e-02	7.00e-03	0.5732825937	0.5773258027
10	1.00e+00	2.76e-03	0.5621871923	0.5693264987
11	1.00e+00	3.69e-05	0.5657604879	0.5657125452
12	2.44e-04	3.68e-05	0.5657231010	0.5657499102
13	1.00e+00	1.58e-05	0.5656648149	0.5657060389
14	1.00e+00	1.09e-09	0.5656854272	0.5656854258
15	3.91e-03	1.09e-09	0.5656854263	0.5656854266
16	1.00e+00	3.88e-10	0.5656854244	0.5656854255
17	1.00e+00	1.42e-16	0.5656854249	0.5656854249
# x_0 = (-1.0000000000, 0.5000000000)
# max_iter = 30
# required residual = 1.00e-10

# Exit by residual
# iter = 17
# Residual = 1.42e-16
# Result point = (0.5656854249, 0.5656854249)
