x_0 = (-1, 0.5)
max_iter = 100
required residual = 1e-10

k	beta	|f|/|f0|	point
1	1	0.448823	(-0.344269, 0.236917)
2	0.5	0.380168	(-0.225238, 0.737247)
3	1	0.237941	(0.0330878, 0.373257)
4	1	0.182042	(0.339091, 0.79228)
5	0.00390625	0.182026	(0.323651, 0.785496)
6	0.0625	0.179623	(0.216457, 0.727563)
7	1	0.176223	(0.174978, 0.424522)
8	1	0.0467612	(0.506528, 0.624843)
9	1	0.0275778	(0.61721, 0.584301)
10	0.015625	0.0273713	(0.623634, 0.576781)
11	1	0.00969539	(0.584122, 0.572347)
12	0.00390625	0.00966802	(0.585705, 0.570666)
13	0.00195313	0.00965393	(0.586315, 0.570007)
14	0.000976563	0.00964684	(0.586594, 0.569703)
15	0.000488281	0.00964385	(0.586729, 0.569557)
16	1	0.00329883	(0.571998, 0.567966)
17	0.00195313	0.00329423	(0.572786, 0.567162)
18	0.000488281	0.00329301	(0.572926, 0.567018)
19	0.00012207	0.00329271	(0.572959, 0.566984)
20	3.05176e-05	0.00329269	(0.572967, 0.566975)
21	1	0.00110791	(0.56781, 0.566453)
22	0.000488281	0.00110752	(0.568007, 0.566255)
23	0.000244141	0.00110731	(0.568083, 0.566179)
24	0.00012207	0.00110721	(0.568118, 0.566143)
25	6.10352e-05	0.00110716	(0.568134, 0.566126)
26	3.05176e-05	0.00110713	(0.568143, 0.566118)
27	7.62939e-06	0.00110713	(0.568145, 0.566116)
28	1.90735e-06	0.00110713	(0.568145, 0.566115)
29	2.38419e-07	0.00110713	(0.568145, 0.566115)
30	5.96046e-08	0.00110713	(0.568145, 0.566115)
31	7.45058e-09	0.00110713	(0.568145, 0.566115)
32	1.86265e-09	0.00110713	(0.568145, 0.566115)
33	9.31323e-10	0.00110713	(0.568145, 0.566115)
34	2.32831e-10	0.00110713	(0.568145, 0.566115)

Exit by step
iter = 34
residual = 0.00110713
result point = (0.568145, 0.566115)
