x_0 = (-1, 0.5)
max_iter = 100
required residual = 1e-10

k	beta	|f|/|f0|	point
1	1	0.278521	(-0.448941, 0.608294)
2	1	0.086287	(-0.0212609, 0.657916)
3	1	0.0328996	(0.390873, 0.66327)
4	1	0.00473257	(0.577839, 0.576559)
5	1	0.00152071	(0.572274, 0.568058)
6	1	0.000578357	(0.568218, 0.56659)
7	1	0.000219587	(0.566647, 0.566031)
8	1	8.3197e-05	(0.56605, 0.565817)
9	1	3.14958e-05	(0.565823, 0.565735)
10	1	1.19196e-05	(0.565738, 0.565704)
11	1	4.51045e-06	(0.565705, 0.565693)
12	1	1.7067e-06	(0.565693, 0.565688)
13	1	6.45786e-07	(0.565688, 0.565686)
14	1	2.44352e-07	(0.565686, 0.565686)
15	1	9.24578e-08	(0.565686, 0.565686)
16	1	3.49841e-08	(0.565686, 0.565685)
17	1	1.32372e-08	(0.565685, 0.565685)
18	1	5.00868e-09	(0.565685, 0.565685)
19	1	1.89517e-09	(0.565685, 0.565685)
20	1	7.17093e-10	(0.565685, 0.565685)
21	1	2.71333e-10	(0.565685, 0.565685)
22	1	1.02666e-10	(0.565685, 0.565685)
23	1	3.88467e-11	(0.565685, 0.565685)

Exit by residual
iter = 23
residual = 3.88467e-11
result point = (0.565685, 0.565685)
