x_0 = (0.707107, 0.717107)
max_iter = 100
required residual = 1e-10

k	beta	|f|/|f0|	point
1	0.00195313	0.999889	(0.690456, 0.733186)
2	0.03125	0.996083	(0.624982, 0.789526)
3	0.25	0.911049	(0.474729, 0.868995)
4	1	0.552355	(0.294579, 0.836792)
5	1	0.245491	(0.384948, 0.746423)
6	1	0.109107	(0.445194, 0.686177)
7	1	0.0484921	(0.485358, 0.646013)
8	1	0.021552	(0.512133, 0.619237)
9	1	0.00957868	(0.529984, 0.601387)
10	1	0.00425719	(0.541885, 0.589486)
11	1	0.00189209	(0.549818, 0.581553)
12	1	0.000840927	(0.555107, 0.576264)
13	1	0.000373745	(0.558633, 0.572738)
14	1	0.000166109	(0.560984, 0.570387)
15	1	7.38262e-05	(0.562551, 0.56882)
16	1	3.28117e-05	(0.563596, 0.567775)
17	1	1.4583e-05	(0.564292, 0.567078)
18	1	6.48132e-06	(0.564757, 0.566614)
19	1	2.88058e-06	(0.565066, 0.566305)
20	1	1.28026e-06	(0.565273, 0.566098)
21	1	5.69004e-07	(0.56541, 0.565961)
22	1	2.52891e-07	(0.565502, 0.565869)
23	1	1.12396e-07	(0.565563, 0.565808)
24	1	4.99537e-08	(0.565604, 0.565767)
25	1	2.22017e-08	(0.565631, 0.56574)
26	1	9.86741e-09	(0.565649, 0.565722)
27	1	4.38551e-09	(0.565661, 0.56571)
28	1	1.94912e-09	(0.565669, 0.565702)
29	1	8.66274e-10	(0.565675, 0.565696)
30	1	3.85011e-10	(0.565678, 0.565693)
31	1	1.71116e-10	(0.565681, 0.56569)
32	1	7.60517e-11	(0.565682, 0.565689)

Exit by residual
iter = 32
residual = 7.60517e-11
result point = (0.565682, 0.565689)
