x_0 = (0.156405, 0.974966)
max_iter = 100
required residual = 1e-10

k	beta	|f|/|f0|	point
1	1	0.25	(0.361045, 0.770326)
2	1	0.0625	(0.463365, 0.668006)
3	1	0.015625	(0.514525, 0.616845)
4	1	0.00390625	(0.540105, 0.591265)
5	1	0.000976562	(0.552895, 0.578475)
6	1	0.000244141	(0.55929, 0.57208)
7	1	6.10351e-05	(0.562488, 0.568883)
8	1	1.52588e-05	(0.564087, 0.567284)
9	1	3.8147e-06	(0.564886, 0.566485)
10	1	9.53674e-07	(0.565286, 0.566085)
11	1	2.38419e-07	(0.565486, 0.565885)
12	1	5.96046e-08	(0.565586, 0.565785)
13	1	1.49012e-08	(0.565635, 0.565735)
14	1	3.72529e-09	(0.56566, 0.56571)
15	1	9.31322e-10	(0.565673, 0.565698)
16	1	2.32831e-10	(0.565679, 0.565692)
17	1	5.82077e-11	(0.565682, 0.565689)

Exit by residual
iter = 17
residual = 5.82077e-11
result point = (0.565682, 0.565689)
