x_0 = (-1.41421, -1.40421)
max_iter = 100
required residual = 1e-10

k	beta	|f|/|f0|	point
1	1.52588e-05	0.999994	(-1.42013, -1.39823)
2	6.10352e-05	0.999965	(-1.43088, -1.38724)
3	0.000244141	0.99985	(-1.45221, -1.36495)
4	0.000976563	0.999388	(-1.49388, -1.31942)
5	0.00390625	0.997544	(-1.57311, -1.22479)
6	0.015625	0.990201	(-1.71419, -1.02231)
7	0.0625	0.961366	(-1.92037, -0.574393)
8	0.25	0.854563	(-1.99354, 0.405313)
9	1	0.558072	(-0.804835, 1.93621)
10	1	0.139518	(-0.119575, 1.25095)
11	1	0.0348795	(0.223055, 0.908316)
12	1	0.00871987	(0.39437, 0.737)
13	1	0.00217997	(0.480028, 0.651343)
14	1	0.000544992	(0.522857, 0.608514)
15	1	0.000136248	(0.544271, 0.5871)
16	1	3.4062e-05	(0.554978, 0.576393)
17	1	8.5155e-06	(0.560332, 0.571039)
18	1	2.12887e-06	(0.563009, 0.568362)
19	1	5.32219e-07	(0.564347, 0.567024)
20	1	1.33055e-07	(0.565016, 0.566355)
21	1	3.32637e-08	(0.565351, 0.56602)
22	1	8.31592e-09	(0.565518, 0.565853)
23	1	2.07898e-09	(0.565602, 0.565769)
24	1	5.19745e-10	(0.565644, 0.565727)
25	1	1.29936e-10	(0.565665, 0.565706)
26	1	3.24841e-11	(0.565675, 0.565696)

Exit by residual
iter = 26
residual = 3.24841e-11
result point = (0.565675, 0.565696)
