x_0 = (-1, 0.5)
max_iter = 100
required residual = 1e-10

k	beta	|f|/|f0|	point
1	1	0.314404	(-0.123365, 0.31673)
2	0.5	0.308282	(-0.0837563, 0.746124)
3	1	0.134841	(0.273234, 0.460022)
4	0.5	0.11248	(0.290045, 0.642269)
5	1	0.0425698	(0.644064, 0.594004)
6	0.5	0.0349577	(0.639559, 0.545161)
7	1	0.00183337	(0.569199, 0.566955)
8	0.5	0.00151717	(0.568997, 0.564765)
9	1	3.97973e-06	(0.565693, 0.565688)
10	0.5	3.29441e-06	(0.565693, 0.565683)
11	1	1.88936e-11	(0.565685, 0.565685)

Exit by residual
iter = 11
residual = 1.88936e-11
result point = (0.565685, 0.565685)
