x_0 = (-1, 0.5)
max_iter = 100
required residual = 1e-10

k	beta	|f|/|f0|	point
1	1	0.727959	(-0.12625, 1.6375)
2	1	0.187293	(0.290971, 1.04147)
3	1	0.0526137	(0.512104, 0.725565)
4	1	0.0216259	(0.653877, 0.523034)
5	0.125	0.0207256	(0.694813, 0.464553)
6	0.015625	0.0206338	(0.680129, 0.48553)
7	0.00390625	0.0206299	(0.688575, 0.473465)
8	0.00195313	0.0206131	(0.683906, 0.480134)
9	6.10352e-05	0.0206127	(0.684796, 0.478863)
10	7.62939e-06	0.0206126	(0.68448, 0.479314)
11	9.53674e-07	0.0206126	(0.68459, 0.479157)
12	1.19209e-07	0.0206126	(0.684547, 0.479219)
13	5.96046e-08	0.0206126	(0.68458, 0.479171)
14	2.98023e-08	0.0206126	(0.684563, 0.479196)
15	5.82077e-11	0.0206126	(0.684564, 0.479194)

Exit by beta
iter = 15
residual = 0.0206126
result point = (0.684564, 0.479194)
