x_0 = (-1, 0.5)
max_iter = 100
required residual = 1e-10

k	beta	|f|/|f0|	point
1	1	0.835219	(-0.185556, 1.72222)
2	1	0.373557	(0.111823, 1.2974)
3	1	0.168449	(0.313887, 1.00873)
4	1	0.077476	(0.454673, 0.80761)
5	1	0.0375543	(0.559081, 0.658455)
6	1	0.0217676	(0.6518, 0.526)
7	0.25	0.0209886	(0.703256, 0.452491)
8	0.0625	0.0206226	(0.681515, 0.48355)
9	0.00195313	0.0206138	(0.685609, 0.477702)
10	0.000244141	0.0206128	(0.684117, 0.479833)
11	6.10352e-05	0.0206128	(0.684989, 0.478587)
12	3.05176e-05	0.0206126	(0.68453, 0.479242)
13	2.38419e-07	0.0206126	(0.684576, 0.479178)
14	2.98023e-08	0.0206126	(0.68456, 0.4792)
15	3.72529e-09	0.0206126	(0.684566, 0.479192)
16	9.31323e-10	0.0206126	(0.684563, 0.479196)
17	2.32831e-10	0.0206126	(0.684564, 0.479194)
18	1.16415e-10	0.0206126	(0.684563, 0.479195)
19	2.91038e-11	0.0206126	(0.684564, 0.479194)

Exit by beta
iter = 19
residual = 0.0206126
result point = (0.684564, 0.479194)
