x_0 = (0.156405, 0.974966)
max_iter = 100
required residual = 1e-10

k	beta	|f|/|f0|	point
1	1	0.444444	(0.292832, 0.838539)
2	1	0.197531	(0.383783, 0.747588)
3	1	0.0877915	(0.444417, 0.686954)
4	1	0.0390184	(0.48484, 0.646531)
5	1	0.0173415	(0.511788, 0.619582)
6	1	0.00770735	(0.529754, 0.601617)
7	1	0.00342549	(0.541731, 0.58964)
8	1	0.00152244	(0.549716, 0.581655)
9	1	0.00067664	(0.555039, 0.576332)
10	1	0.000300729	(0.558588, 0.572783)
11	1	0.000133657	(0.560954, 0.570417)
12	1	5.94032e-05	(0.562531, 0.56884)
13	1	2.64014e-05	(0.563582, 0.567788)
14	1	1.1734e-05	(0.564283, 0.567087)
15	1	5.2151e-06	(0.564751, 0.56662)
16	1	2.31782e-06	(0.565062, 0.566309)
17	1	1.03014e-06	(0.56527, 0.566101)
18	1	4.57841e-07	(0.565408, 0.565962)
19	1	2.03485e-07	(0.565501, 0.56587)
20	1	9.04377e-08	(0.565562, 0.565809)
21	1	4.01945e-08	(0.565603, 0.565767)
22	1	1.78642e-08	(0.565631, 0.56574)
23	1	7.93966e-09	(0.565649, 0.565722)
24	1	3.52874e-09	(0.565661, 0.56571)
25	1	1.56833e-09	(0.565669, 0.565702)
26	1	6.97035e-10	(0.565675, 0.565696)
27	1	3.09793e-10	(0.565678, 0.565693)
28	1	1.37686e-10	(0.565681, 0.56569)
29	1	6.11937e-11	(0.565682, 0.565689)

Exit by residual
iter = 29
residual = 6.11937e-11
result point = (0.565682, 0.565689)
