x_0 = (-1, 0.5)
max_iter = 100
required residual = 1e-10

k	beta	|f|/|f0|	point
1	1	0.40649	(-0.193743, 0.896832)
2	1	0.342071	(-0.23892, 0.27498)
3	0.5	0.232169	(-0.11726, 0.611296)
4	1	0.0927935	(0.286982, 0.518783)
5	1	0.0926718	(0.470069, 0.695562)
6	1	0.025828	(0.616401, 0.584009)
7	0.5	0.0250828	(0.560517, 0.608312)
8	1	0.00743504	(0.580664, 0.571097)
9	0.0625	0.00700062	(0.573283, 0.577325)
10	1	0.00276403	(0.562187, 0.569326)
11	1	3.68552e-05	(0.56576, 0.565713)
12	0.000244141	3.68468e-05	(0.565731, 0.565742)
13	1	1.31619e-05	(0.565668, 0.565703)
14	1	1.02333e-09	(0.565685, 0.565685)
15	4.76837e-07	1.02332e-09	(0.565685, 0.565685)
16	1	4.45742e-10	(0.565685, 0.565685)
17	1	2.26055e-17	(0.565685, 0.565685)

Exit by residual
iter = 17
residual = 2.26055e-17
result point = (0.565685, 0.565685)
